https://www.bnl.gov/phobos/Publications/Physics/Flow_v2_cent_pt/index.htm
Phys. Rev. C72, 051901(R) (2005)
arXiv:nucl-ex/0407012
Fig 1: v2 vs eta for min-bias Au+Au collisions
---------------------------------------------
Hit-based
---------
Eta       v2   Estat  Elower Eupper
-4.8614 0.0166 0.0038 0.0025 0.0034
-4.0059 0.0236 0.0025 0.0032 0.0038
-3.0445 0.0312 0.0015 0.0038 0.0038
-1.7500 0.0367 0.0033 0.0025 0.0043
-1.2497 0.0395 0.0020 0.0031 0.0040
-0.7558 0.0459 0.0026 0.0027 0.0033
-0.3048 0.0466 0.0029 0.0029 0.0035
 0.3006 0.0448 0.0025 0.0034 0.0041
 0.7572 0.0450 0.0025 0.0027 0.0033
 1.2567 0.0411 0.0022 0.0028 0.0035
 1.7551 0.0365 0.0021 0.0023 0.0054
 3.6751 0.0268 0.0021 0.0045 0.0067
 4.2536 0.0196 0.0021 0.0054 0.0052
 5.0519 0.0251 0.0094 0.0269 0.0092
