https://drupal.star.bnl.gov/STAR/files/starpublications/108/data.html (fig 5)
B. Abelev et al, Phys.Rev. C77 (2008) 054901
arXiv:0801.3466
Collision Cross Section	v2{EP}(%)
75 	6.96	0.089
65 	7.23	0.049
55 	7.44	0.028
45 	7.4	0.019
35 	7.03	0.014
25 	6.18	0.011
15 	4.76	0.01
7.5     3.39	0.014
2.5     2.32	0.017
Collision Cross Section	v2{4}(%)
65 	5.81859	0.0947424
55 	6.17547	0.0318834
45 	6.55523	0.0144613
35 	6.30763	0.00873136
25 	5.63609	0.00674778
15 	4.25772	0.00805643
7.5	2.69707	0.0241449
Collision Cross Section	v2{LYZ_Sum}
45 	0.0581909	0.00115924
35 	0.059935	0.000298429
25 	0.0541134	0.000171784
15 	0.0411426	0.0002367
Collision Cross Section	v2{LYZ_Prod}(%)
55 	6.3	0.37
45 	6.27	0.17
35 	6.12	0.03
25 	5.41	0.024
15 	4.04	0.032
7.5	2.92	0.23
